1111111111001111111111
1111111111001111111111
1111111111001111111111
1111111111001111111111
1111111111001111111111
1111111111001111111111
0000000000000000000000
0000000000000000000000
1111001111111111001111
1111001111111111001111
1111001111111111001111
1111001111111111001111
0000000000000000000000
0000000000000000000000
1111111111001111111111
1111111111001111111111
1111111111001111111111
1111111111001111111111
1111111111001111111111
1111111111001111111111
0000000000000000000000
0000000000000000000000
