1111111111111111111111
1111111111111111111111
1111110000000000111111
1111110000000000111111
1111111100000011111111
1111111100000011111111
1100111111001111110011
1100111111001111110011
1100001111111111000011
1100001111111111000011
1100000011111100000011
1100000011111100000011
1100001111111111000011
1100001111111111000011
1100111111001111110011
1100111111001111110011
1111111100000011111111
1111111100000011111111
1111110000000000111111
1111110000000000111111
1111000000000000001111
1111000000000000001111
