0000000000001111000000
0000000000001111000000
0000000000110000110011
0000000000110000110011
0000000000110000001100
0000000000110000001100
0000001111111100000000
0000001111111100000000
0000111111111111000000
0000111111111111000000
0011111111000011110000
0011111111000011110000
0011111111110000110000
0011111111110000110000
0011111111111111110000
0011111111111111110000
0011111111111111110000
0011111111111111110000
0000111111111111000000
0000111111111111000000
0000001111111100000000
0000001111111100000000
